-0.0062
-0.0230
-0.0230
-0.0230
-0.0230
-0.0230
-0.0230
-0.0230
-0.0230
-0.0230
-0.0230
-0.0230
-0.0230
-0.0230
-0.0230
-0.0230
-0.0230
-0.0230
-0.0230
-0.0230
-0.0116
-0.0116
-0.0116
-0.0116
-0.0116
-0.0116
-0.0116
-0.0116
-0.0116
-0.0116
-0.0116
-0.0116
-0.0116
-0.0116
-0.0116
-0.0116
-0.0116
-0.0116
-0.0116
-0.0116
-0.0116
-0.0116
-0.0116
-0.0116
-0.0116
-0.0116
-0.0116
-0.0116
-0.0116
-0.0116
-0.0116
-0.0116
-0.0116
-0.0116
-0.0116
-0.0116
-0.0116
-0.0116
-0.0116
-0.0116
-0.0116
-0.0116
-0.0116
-0.0116
-0.0116
-0.0116
-0.0116
-0.0116
-0.0116
-0.0116
-0.0116
-0.0116
-0.0116
-0.0116
-0.0116
-0.0116
-0.0116
-0.0116
-0.0116
-0.0116
-0.0116
-0.0116
-0.0116
-0.0116
-0.0116
-0.0116
-0.0116
-0.0116
-0.0116
-0.0116
-0.0116
-0.0116
-0.0116
-0.0116
-0.0092
-0.0092
-0.0092
-0.0092
-0.0092
-0.0092
-0.0092
