 100            0.962226
 150            0.944662
 200            0.927799
 250            0.910799
 300            0.891457
 350            0.874053
 400            0.858789
 450            0.841473
 500            0.823930
 550            0.809593
 600            0.787681
 650            0.770252
 700            0.752173
 750            0.733243
 800            0.712784
 850            0.694042
 900            0.672901
 950            0.656167
1000            0.641013
1050            0.619591
1100            0.602517
1150            0.581359
1200            0.553035
1250            0.540623
1300            0.516724
1350            0.495091
1400            0.473066
1450            0.453929
1500            0.438100
1550            0.415431
1600            0.381586
1650            0.366012
1700            0.342762
1750            0.323275
1800            0.294179
1850            0.268554
1900            0.250365
1950            0.229679
2000            0.200662
2050            0.197901
2100            0.152348
2150            0.143246
2200            0.116988
2250            0.106014
2300            0.092475
2350            0.073590
2400            0.066295
2450            0.053214
2500            0.053541
2550            0.043998
2600            0.039220
2650            0.034574
2700            0.036473
2750            0.028905
2800            0.026014
2850            0.022291
2900            0.023940
2950            0.020367
3000            0.019310
3050            0.021772
3100            0.018215
3150            0.017304
3200            0.016314
3250            0.014763
3300            0.016866
3350            0.014456
3400            0.013229
3450            0.011976
3500            0.012912
3550            0.012011
3600            0.012789
3650            0.012444
3700            0.011111
3750            0.011577
3800            0.011502
3850            0.010937
3900            0.011415
3950            0.011316
4000            0.009415
                                                                                                    
                                                                                                    
--                                                                                                  
  --                                                                                                
    --                                                                                              
      --                                                                                            
        --                                                                                          
          --                                                                                        
            -                                                                                       
             --                                                                                     
               --                                                                                   
                 --                                                                                 
                   --                                                                               
                     -                                                                              
                      --                                                                            
                        -                                                                           
                         --                                                                         
                           --                                                                       
                             -                                                                      
                              -                                                                     
                               --                                                                   
                                 -                                                                  
                                  --                                                                
                                    -                                                               
                                     --                                                             
                                       -                                                            
                                        --                                                          
                                          --                                                        
                                            --                                                      
                                              -------                                               
                                                     --------------------------                     
